200
236
122 50
40 157
201
128 78
139 79
226
32 146
168 35
295
233 162
249 250
252
45 231
205 196
289
57 268
25 230
216
46 34
183 166
236
9 143
89 102
270
206 91
77 21
255
201 24
98 58
298
0 183
0 87
233
76 199
103 212
256
183 39
105 206
266
14 37
114 210
222
181 69
210 217
206
70 104
26 184
296
215 14
268 224
298
105 51
40 40
227
63 198
206 11
226
213 99
25 27
214
143 195
207 169
219
157 162
68 214
290
137 203
124 205
282
162 94
8 180
215
32 68
122 160
219
196 109
81 77
274
20 65
95 26
259
96 225
137 232
252
23 32
55 41
218
156 140
178 182
235
164 220
189 233
265
142 20
69 185
232
45 19
220 99
270
167 36
115 180
267
7 204
87 240
263
71 29
54 23
290
34 248
175 164
227
223 202
190 178
241
61 177
142 55
213
169 186
14 206
296
98 118
250 243
247
177 22
124 202
263
241 40
260 114
281
19 200
51 103
298
102 97
177 199
222
2 98
11 188
241
20 5
49 213
264
248 3
147 86
276
90 239
245 144
228
38 9
137 152
240
218 106
164 92
271
136 31
133 117
289
264 194
241 178
263
193 229
27 32
266
218 93
237 46
263
195 102
78 245
229
84 64
64 106
244
9 8
29 111
288
133 276
167 188
239
207 80
218 32
270
158 8
42 84
229
20 182
9 54
288
225 233
15 252
242
56 212
84 184
274
79 144
18 116
204
52 18
25 127
272
194 202
207 30
200
177 109
118 147
235
19 41
134 108
229
97 187
186 137
277
194 221
199 55
265
46 7
204 48
256
181 211
43 57
264
65 119
8 40
245
195 124
66 222
214
199 73
101 110
279
75 95
274 195
218
61 110
36 203
233
59 66
193 49
201
136 18
148 22
264
177 209
74 32
268
27 110
206 116
234
30 75
132 185
250
0 55
219 235
202
50 135
126 145
270
228 249
204 262
217
110 212
115 129
240
222 152
26 50
257
161 224
25 200
259
244 48
208 14
275
116 53
274 155
213
104 86
152 109
236
203 32
26 57
253
52 136
21 222
279
46 206
68 215
272
194 233
82 41
216
150 190
40 162
245
6 100
177 16
260
203 97
99 81
246
49 54
16 111
217
20 3
196 201
226
139 99
160 166
252
51 85
112 31
208
131 79
0 92
296
119 169
261 245
272
111 138
117 7
266
233 87
157 116
241
152 94
181 6
251
85 128
218 103
275
248 103
7 205
223
18 181
33 81
274
218 22
83 73
257
240 153
74 236
299
269 20
133 87
248
163 91
73 89
251
155 25
18 218
239
90 129
233 220
294
268 206
179 220
281
186 234
117 97
212
20 175
142 86
290
129 211
163 6
282
84 149
221 22
262
85 152
219 62
242
4 101
159 197
210
22 110
122 123
259
111 161
119 24
203
101 142
76 132
244
55 231
211 153
273
257 77
61 25
272
8 224
20 140
298
139 79
116 224
300
156 224
148 204
271
162 42
262 211
244
82 215
184 112
236
179 142
168 133
200
107 33
35 169
229
186 78
89 74
259
245 54
225 176
296
64 47
153 166
215
68 105
128 164
233
41 177
46 202
276
36 161
228 35
222
104 54
107 37
220
94 155
148 81
221
119 49
104 92
256
76 112
176 93
288
51 234
204 221
246
215 87
199 205
283
21 13
259 97
244
105 165
71 171
227
70 127
31 77
208
10 116
7 202
211
197 1
146 177
288
173 64
152 262
288
244 123
23 55
281
255 264
88 62
226
217 9
211 223
260
167 82
212 223
200
16 165
119 183
249
85 26
212 210
271
5 96
232 221
248
15 50
226 27
224
73 114
182 168
200
79 74
157 7
269
228 21
148 157
244
61 132
9 22
216
121 175
79 157
293
161 231
61 199
222
49 26
150 173
283
256 154
101 145
260
205 89
175 53
203
37 55
116 166
260
131 68
214 162
291
117 281
180 260
237
103 136
159 163
270
99 222
101 105
252
201 36
198 216
236
121 154
148 87
212
117 18
10 21
261
260 62
47 142
204
88 105
78 169
283
48 185
22 109
250
101 219
154 201
291
250 221
108 191
220
116 65
218 43
236
197 33
7 50
224
127 65
13 197
218
155 113
8 120
259
77 183
226 223
273
134 226
151 255
204
178 2
177 109
292
156 171
203 61
245
174 205
156 237
242
213 211
18 73
234
221 177
216 57
260
61 237
256 126
211
10 23
37 97
232
22 188
111 118
209
29 107
186 122
222
220 171
161 68
