7 13 12
85 49 100
13 25 75
65 63 69
130 45 94
66 62 98
79 61 39
37 62 19
6 74 87
79 91 11
21 35 10
45 33 19
18 2 24
80 82 41
58 19 54
46 58 20
89 80 77
52 78 21
29 40 15
60 99 5
108 93 84
36 85 39
51 49 9
33 27 18
118 59 63
42 41 52
18 57 61
25 2 52
66 89 83
4 3 45
56 4 65
35 59 76
35 53 72
97 66 32
3 37 56
95 52 80
29 63 45
22 75 87
23 14 55
64 79 95
68 45 82
13 85 34
99 96 59
62 70 67
2 7 3
70 89 93
28 50 33
11 24 24
20 86 65
69 24 48
76 51 25
21 49 7
34 49 44
16 90 34
83 39 81
11 97 87
82 7 95
25 85 25
105 61 62
31 38 3
38 29 93
36 96 26
30 16 48
85 93 43
60 59 58
13 22 28
40 42 50
82 83 61
29 68 10
102 63 78
86 28 75
42 50 61
61 8 59
47 43 38
37 17 45
46 91 55
43 10 82
73 27 56
118 81 75
47 12 47
72 63 18
5 65 95
83 44 87
59 55 30
3 17 1
80 98 41
6 85 32
52 61 61
115 57 60
55 61 74
62 45 64
63 41 30
113 35 94
73 96 6
93 81 30
142 94 58
7 82 36
66 47 26
19 71 13
57 1 97
